383
2.5
4.5
6.5
8.5
10.5
12.5
14.5
16.5
18.375
19.375
20.375
21.375
22.375
23.375
24.375
25.375
25.875
26.375
26.875
27.375
27.875
28.375
28.875
29.375
29.625
29.875
30.125
30.375
30.625
30.875
31.125
31.375
31.625
31.875
32.125
32.375
32.625
32.875
33.125
33.625
33.8125
34
34.1875
34.375
34.625
34.8125
35
35.1875
35.375
35.625
35.8125
36
36.1875
36.375
36.625
36.8125
37
37.1875
37.375
37.625
37.8125
38
38.1875
38.375
38.625
38.8125
39
39.1875
39.375
39.625
39.8125
40
40.1875
40.375
40.625
40.8125
41
41.1875
41.375
41.625
41.8125
42
42.1875
42.375
42.625
42.8125
43
43.1875
43.375
43.625
43.8125
44
44.1875
44.375
44.625
44.8125
45
45.1875
45.375
45.625
45.8125
46
46.1875
46.375
46.625
46.8125
47
47.1875
47.375
47.625
47.8125
48
48.1875
48.375
48.625
48.8125
49
49.1875
49.375
58
59
60
61
62
63
64
65
65.875
66.125
66.375
66.875
67.125
67.375
67.875
68.125
68.375
68.875
69.125
69.375
69.875
70.125
70.375
70.875
71.125
71.375
71.875
72.125
72.375
73.625
73.8125
74
74.1875
74.375
74.625
74.8125
75
75.1875
75.375
75.625
75.8125
76
76.1875
76.375
76.625
76.8125
77
77.1875
77.375
77.625
77.8125
78
78.1875
78.375
78.625
78.8125
79
79.1875
79.375
79.625
79.8125
80
80.1875
80.375
80.625
80.8125
81
81.1875
81.375
89.625
89.875
90.125
90.375
90.625
90.875
91.125
91.375
91.625
91.875
92.125
92.375
92.625
92.875
93.125
93.375
93.625
93.8125
94
94.1875
94.375
94.5625
94.75
94.9375
95.125
95.3125
95.5
95.6875
95.875
96.0625
96.25
96.4375
96.625
96.875
97.125
97.625
97.8125
98
98.1875
98.375
98.625
98.8125
99
99.1875
99.375
99.625
99.8125
100
100.1875
100.375
100.625
100.8125
101
101.1875
101.375
101.625
101.8125
102
102.1875
102.375
102.625
102.8125
103
103.1875
103.375
103.625
103.8125
104
104.1875
104.375
104.625
104.8125
105
105.1875
105.375
105.625
105.8125
106
106.1875
106.375
106.625
106.8125
107
107.1875
107.375
107.625
107.8125
108
108.1875
108.375
108.625
108.8125
109
109.1875
109.375
109.625
109.8125
110
110.1875
110.375
110.625
110.8125
111
111.1875
111.375
111.625
111.8125
112
112.1875
112.375
112.625
112.8125
113
113.1875
113.375
113.625
113.8125
114
114.1875
114.375
114.625
114.8125
115
115.1875
115.375
115.625
115.8125
116
116.1875
116.375
116.625
116.8125
117
117.1875
117.375
117.625
117.8125
118
118.1875
118.375
118.625
118.8125
119
119.1875
119.375
119.625
119.8125
120
120.1875
120.375
120.625
120.8125
121
121.1875
121.375
121.625
121.8125
122
122.1875
122.375
122.625
122.8125
123
123.1875
123.375
123.625
123.8125
124
124.1875
124.375
124.625
124.8125
125
125.1875
125.375
125.625
125.8125
126
126.1875
126.375
126.625
126.8125
127
127.1875
127.375
127.625
127.8125
128
128.1875
128.375
128.625
128.8125
129
129.1875
129.375
