1143
0 0 0
1 0 1
2 0 -1
2 1 0
3 1 1
4 1 -1
4 2 0
5 2 1
6 2 -1
6 3 0
7 3 1
8 3 -1
8 4 0
9 4 1
10 4 -1
10 5 0
11 5 1
12 5 -1
12 6 0
13 6 1
14 6 -1
14 7 0
15 7 1
16 7 -1
16 8 0
19 8 1
21 8 -1
20 9 0
23 9 1
25 9 -1
24 10 0
27 10 1
29 10 -1
28 11 0
31 11 1
33 11 -1
32 12 0
35 12 1
37 12 -1
36 13 0
39 13 1
41 13 -1
40 14 0
43 14 1
45 14 -1
44 15 0
47 15 1
49 15 -1
48 16 0
49 16 1
52 16 -1
50 17 0
51 17 1
54 17 -1
52 18 0
53 18 1
56 18 -1
54 19 0
55 19 1
58 19 -1
56 20 0
57 20 1
60 20 -1
58 21 0
59 21 1
62 21 -1
60 22 0
61 22 1
64 22 -1
62 23 0
63 23 1
66 23 -1
64 24 0
65 24 1
68 24 -1
65 25 0
66 25 1
69 25 -1
66 26 0
67 26 1
70 26 -1
67 27 0
68 27 1
71 27 -1
68 28 0
69 28 1
72 28 -1
69 29 0
70 29 1
73 29 -1
70 30 0
71 30 1
75 30 -1 
71 31 0
72 31 1
75 31 -1
72 32 0
73 32 1
76 32 -1
73 33 0
74 33 1
77 33 -1
74 34 0
75 34 1
78 34 -1
75 35 0
76 35 1
79 35 -1
76 36 0
77 36 1
80 36 -1
77 37 0
78 37 1
81 37 -1
78 38 0 //
79 38 1
80 38 -1
79 39 0 
80 39 1
81 39 -1
80 40 0 
81 40 1
82 40 -1
81 41 0 
82 41 1
83 41 -1
82 42 0
83 42 1
84 42 -1
83 43 0 .
85 43 1
86 43 -1
85 44 0
86 44 1
87 44 -1
86 45 0
87 45 1
88 45 -1
87 46 0
88 46 1
89 46 -1
88 47 0
89 47 1
90 47 -1
89 49 0 //
91 49 1
92 49 -1
91 50 0
92 50 1
93 50 -1
92 51 0
93 51 1
94 51 -1
93 52 0
94 52 1
95 52 -1
94 53 0
95 53 1
96 53 -1
95 54 0 .
97 54 1
98 54 -1
97 55 0
98 55 1
99 55 -1
98 56 0
99 56 1
100 56 -1
99 57 0
100 57 1
101 57 -1
100 58 0
101 58 1
102 58 -1
101 60 0 //
103 60 1
104 60 -1
103 61 0
104 61 1
105 61 -1
104 62 0
105 62 1
106 62 -1
105 63 0
106 63 1
107 63 -1
106 64 0
107 64 1
108 64 -1
107 65 0 .
109 65 1
110 65 -1
109 66 0
110 66 1
111 66 -1
110 67 0
111 67 1
112 67 -1
111 68 0
112 68 1
113 68 -1
112 69 0
113 69 1
114 69 -1
113 71 0 //
115 71 1
116 71 -1
115 72 0
116 72 1
117 72 -1
116 73 0
117 73 1
118 73 -1
117 74 0
118 74 1
119 74 -1
118 75 0
119 75 1
120 75 -1
119 76 0 .
121 76 1
122 76 -1
121 77 0
122 77 1
123 77 -1
122 78 0
123 78 1
124 78 -1
123 79 0
124 79 1
125 79 -1
124 80 0
125 80 1
126 80 -1
125 81 0 //
127 81 1
128 81 -1
127 82 0
128 82 1
129 82 -1
128 83 0
129 83 1
130 83 -1
129 84 0
130 84 1
131 84 -1
130 85 0
131 85 1
132 85 -1
131 86 0 .
133 86 1
134 86 -1
133 87 0
134 87 1
135 87 -1
134 88 0
135 88 1
136 88 -1
135 89 0
136 89 1
137 89 -1
136 90 0
137 90 1
138 90 -1
137 92 0 //
139 92 1
140 92 -1
139 93 0
140 93 1
141 93 -1
140 94 0
141 94 1
142 94 -1
141 95 0
142 95 1
143 95 -1
142 96 0
143 96 1
144 96 -1
143 97 0 .
145 97 1
146 97 -1
145 98 0
146 98 1
147 98 -1
146 99 0
147 99 1
148 99 -1
147 100 0
148 100 1
149 100 -1
148 101 0
149 101 1
150 101 -1
149 103 0 //
151 103 1
152 103 -1
151 104 0
152 104 1
153 104 -1
152 105 0
153 105 1
154 105 -1
153 106 0
154 106 1
155 106 -1
154 107 0
155 107 1
156 107 -1
155 108 0 .
156 108 1
157 108 -1
156 109 0
157 109 1
158 109 -1
157 110 0
158 110 1
159 110 -1
158 111 0
159 111 1
160 111 -1
159 112 0
160 112 1
161 112 -1
160 114 0 //
162 114 1
163 114 -1
162 115 0
163 115 1
164 115 -1
163 116 0
164 116 1
165 116 -1
164 117 0
165 117 1
166 117 -1
165 118 0
166 118 1
167 118 -1
166 119 0 .
168 119 1
169 119 -1
168 120 0
169 120 1
170 120 -1
169 121 0
170 121 1
171 121 -1
170 122 0
171 122 1
172 122 -1
171 123 0
172 123 1
173 123 -1
175 125 0 ///
176 125 1
178 125 -1
177 126 0 
178 126 1
180 126 -1
179 127 0 
180 127 1
182 127 -1
181 128 0 
182 128 1
184 128 -1
183 129 0 
184 129 1
186 129 -1
185 130 0 
186 130 1
188 130 -1
187 131 0 
188 131 1
190 131 -1
189 132 0 
190 132 1
192 132 -1
191 133 0 ///
192 133 1
195 133 -1
192 134 0 
193 134 1
196 134 -1
193 135 0 
194 135 1
197 135 -1
195 136 0 .
196 136 1
199 136 -1
196 137 0 
197 137 1
200 137 -1
197 138 0 
198 138 1
201 138 -1
199 139 0 .
200 139 1
203 139 -1
200 140 0 
201 140 1
204 140 -1
201 141 0 
202 141 1
205 141 -1
203 142 0 .
204 142 1
207 142 -1
204 143 0 
205 143 1
208 143 -1
205 144 0 
206 144 1
209 144 -1
207 145 0 .
208 145 1
211 145 -1
208 146 0 
209 146 1
212 146 -1
209 147 0 
210 147 1
213 147 -1
211 148 0 .
212 148 1
215 148 -1
212 149 0 
213 149 1
216 149 -1
213 150 0 
214 150 1
217 150 -1
215 151 0 .
216 151 1
219 151 -1
216 152 0 
217 152 1
220 152 -1
217 153 0 
218 153 1
220 153 -1
219 154 0 //
220 154 1
221 154 -1
220 155 0
221 155 1
222 155 -1
221 156 0
222 156 1
223 156 -1
222 157 0
223 157 1
224 157 -1
223 158 0
224 158 1
225 158 -1
224 159 0 .
226 159 1
227 159 -1
226 160 0
227 160 1
228 160 -1
227 161 0
228 161 1
229 161 -1
228 162 0
229 162 1
230 162 -1
229 163 0
230 163 1
231 163 -1
230 164 0 //
232 164 1
233 164 -1
232 165 0
233 165 1
234 165 -1
233 166 0
234 166 1
235 166 -1
234 167 0
235 167 1
236 167 -1
235 168 0
236 168 1
237 168 -1
236 169 0 .
238 169 1
239 169 -1
238 170 0
239 170 1
240 170 -1
239 171 0
240 171 1
241 171 -1
240 172 0
241 172 1
242 172 -1
241 173 0
242 173 1
243 173 -1
242 174 0 //
244 174 1
245 174 -1
244 175 0
245 175 1
246 175 -1
245 176 0
246 176 1
247 176 -1
246 177 0
247 177 1
248 177 -1
247 178 0
248 178 1
249 178 -1
248 179 0 .
250 179 1
251 179 -1
250 180 0
251 180 1
252 180 -1
251 181 0
252 181 1
253 181 -1
252 182 0
253 182 1
254 182 -1
253 183 0
254 183 1
255 183 -1
254 184 0 //
256 184 1
257 184 -1
256 185 0
257 185 1
258 185 -1
257 186 0
258 186 1
259 186 -1
258 187 0
259 187 1
260 187 -1
259 188 0
260 188 1
261 188 -1
260 189 0 .
262 189 1
263 189 -1
262 190 0
263 190 1
264 190 -1
263 191 0
264 191 1
265 191 -1
264 192 0
265 192 1
266 192 -1
265 193 0
266 193 1
267 193 -1
268 194 0 ////
269 194 1
272 194 -1
269 195 0 
270 195 1
273 195 -1
270 196 0 
271 196 1
274 196 -1
271 197 0 
272 197 1
275 197 -1
272 198 0 
273 198 1
276 198 -1
273 199 0 
274 199 1
277 199 -1
274 200 0 
275 200 1
278 200 -1
275 201 0 
276 201 1
279 201 -1
276 202 0 .
277 202 1
280 202 -1
277 203 0 
278 203 1
281 203 -1
278 204 0 
279 204 1
282 204 -1
279 205 0 
280 205 1
283 205 -1
280 206 0 
281 206 1
284 206 -1
281 207 0 
282 207 1
285 207 -1
282 208 0 
283 208 1
286 208 -1
283 209 0 
284 209 1
287 209 -1
284 210 0 //-//
285 210 1
289 210 -1
285 211 0 
286 211 1
290 211 -1
286 212 0 
287 212 1
291 212 -1
287 213 0 
288 213 1
292 213 -1
288 214 0 
289 214 1
293 214 -1
289 215 0 
290 215 1
294 215 -1
290 216 0 
291 216 1
295 216 -1
291 217 0 
292 217 1
296 217 -1
292 218 0 .
293 218 1
297 218 -1
293 219 0 
294 219 1
298 219 -1
294 220 0 
295 220 1
299 220 -1
295 221 0 
296 221 1
300 221 -1
296 222 0 
297 222 1
301 222 -1
297 223 0 
298 223 1
302 223 -1
298 224 0 
299 224 1
303 224 -1
299 225 0 
300 225 1
304 225 -1
300 226 0 
301 226 1
305 226 -1
301 227 0 
302 227 1
305 227 -1
302 228 0 
303 228 1
305 228 -1
304 229 0 //
305 229 1
306 229 -1
305 230 0 
306 230 1
307 230 -1
306 231 0 
307 231 1
308 231 -1
307 232 0 
308 232 1
309 232 -1
308 233 0
309 233 1
310 233 -1
309 234 0 .
311 234 1
312 234 -1
311 235 0
312 235 1
313 235 -1
312 236 0
313 236 1
314 236 -1
313 237 0
314 237 1
315 237 -1
314 238 0
315 238 1
316 238 -1
315 239 0 //
317 239 1
318 239 -1
317 240 0
318 240 1
319 240 -1
318 241 0
319 241 1
320 241 -1
319 242 0
320 242 1
321 242 -1
320 243 0
321 243 1
322 243 -1
321 244 0 .
323 244 1
324 244 -1
323 245 0
324 245 1
325 245 -1
324 246 0
325 246 1
326 246 -1
325 247 0
326 247 1
327 247 -1
326 248 0
327 248 1
328 248 -1
327 249 0 //
329 249 1
330 249 -1
329 250 0
330 250 1
331 250 -1
330 251 0
331 251 1
332 251 -1
331 252 0
332 252 1
333 252 -1
332 253 0
333 253 1
334 253 -1
333 254 0 .
335 254 1
336 254 -1
335 255 0
336 255 1
337 255 -1
336 256 0
337 256 1
338 256 -1
337 257 0
338 257 1
339 257 -1
338 258 0
339 258 1
340 258 -1
339 259 0 //
341 259 1
342 259 -1
341 260 0
342 260 1
343 260 -1
342 261 0
343 261 1
344 261 -1
343 262 0
344 262 1
345 262 -1
344 263 0
345 263 1
346 263 -1
345 264 0 .
347 264 1
348 264 -1
347 265 0
348 265 1
349 265 -1
348 266 0
349 266 1
350 266 -1
349 267 0
350 267 1
351 267 -1
350 268 0
351 268 1
352 268 -1
351 269 0 //
353 269 1
354 269 -1
353 270 0
354 270 1
355 270 -1
354 271 0
355 271 1
356 271 -1
355 272 0
356 272 1
357 272 -1
356 273 0
357 273 1
358 273 -1
357 274 0 .
359 274 1
360 274 -1
359 275 0
360 275 1
361 275 -1
360 276 0
361 276 1
362 276 -1
361 277 0
362 277 1
363 277 -1
362 278 0
363 278 1
364 278 -1
363 279 0 //
365 279 1
366 279 -1
365 280 0
366 280 1
367 280 -1
366 281 0
367 281 1
368 281 -1
367 282 0
368 282 1
369 282 -1
368 283 0
369 283 1
370 283 -1
369 284 0 .
371 284 1
372 284 -1
371 285 0
372 285 1
373 285 -1
372 286 0
373 286 1
374 286 -1
373 287 0
374 287 1
375 287 -1
374 288 0
375 288 1
376 288 -1
375 289 0 //
377 289 1
378 289 -1
377 290 0
378 290 1
379 290 -1
378 291 0
379 291 1
380 291 -1
379 292 0
380 292 1
381 292 -1
380 293 0
381 293 1
382 293 -1
381 294 0 .
383 294 1
384 294 -1
383 295 0
384 295 1
385 295 -1
384 296 0
385 296 1
386 296 -1
385 297 0
386 297 1
387 297 -1
386 298 0
387 298 1
388 298 -1
387 299 0 //-//
389 299 1
400 299 -1
387 300 0
389 300 1
400 300 -1
399 309 0 //
401 309 1
402 309 -1
401 310 0 
402 310 1
403 310 -1
402 311 0 
403 311 1
404 311 -1
403 312 0 
404 312 1
405 312 -1
404 313 0
405 313 1
406 313 -1
405 314 0 .
407 314 1
408 314 -1
407 315 0
408 315 1
409 315 -1
408 316 0
409 316 1
410 316 -1
409 317 0
410 317 1
411 317 -1
410 318 0
411 318 1
412 318 -1
411 319 0 //
413 319 1
414 319 -1
413 320 0
414 320 1
415 320 -1
414 321 0
415 321 1
416 321 -1
415 322 0
416 322 1
417 322 -1
416 323 0
417 323 1
418 323 -1
417 324 0 .
419 324 1
420 324 -1
419 325 0
420 325 1
421 325 -1
420 326 0
421 326 1
422 326 -1
421 327 0
422 327 1
423 327 -1
422 328 0
423 328 1
424 328 -1
423 329 0 //
425 329 1
426 329 -1
425 330 0
426 330 1
427 330 -1
426 331 0
427 331 1
428 331 -1
427 332 0
428 332 1
429 332 -1
428 333 0
429 333 1
430 333 -1
429 334 0 .
431 334 1
432 334 -1
431 335 0
432 335 1
433 335 -1
432 336 0
433 336 1
434 336 -1
433 337 0
434 337 1
435 337 -1
434 338 0
435 338 1
436 338 -1
435 339 0 //
437 339 1
438 339 -1
437 340 0
438 340 1
439 340 -1
438 341 0
439 341 1
440 341 -1
439 342 0
440 342 1
441 342 -1
440 343 0
441 343 1
442 343 -1
441 344 0 .
443 344 1
444 344 -1
443 345 0
444 345 1
445 345 -1
444 346 0
445 346 1
446 346 -1
445 347 0
446 347 1
447 347 -1
446 348 0
447 348 1
448 348 -1
447 349 0 //
449 349 1
450 349 -1
449 350 0
450 350 1
451 350 -1
450 351 0
451 351 1
452 351 -1
451 352 0
452 352 1
453 352 -1
452 353 0
453 353 1
454 353 -1
453 354 0 .
455 354 1
456 354 -1
455 355 0
456 355 1
457 355 -1
456 356 0
457 356 1
458 356 -1
457 357 0
458 357 1
459 357 -1
458 358 0
459 358 1
460 358 -1
459 359 0 //
461 359 1
462 359 -1
461 360 0
462 360 1
463 360 -1
462 361 0
463 361 1
464 361 -1
463 362 0
464 362 1
465 362 -1
464 363 0
465 363 1
466 363 -1
465 364 0 .
467 364 1
468 364 -1
467 365 0
468 365 1
469 365 -1
468 366 0
469 366 1
470 366 -1
469 367 0
470 367 1
471 367 -1
470 368 0
471 368 1
472 368 -1
471 369 0 //
473 369 1
474 369 -1
473 370 0
474 370 1
475 370 -1
474 371 0
475 371 1
476 371 -1
475 372 0
476 372 1
477 372 -1
476 373 0
477 373 1
478 373 -1
477 374 0 .
479 374 1
480 374 -1
479 375 0
480 375 1
481 375 -1
480 376 0
481 376 1
482 376 -1
481 377 0
482 377 1
483 377 -1
482 378 0
483 378 1
484 378 -1
483 379 0 //
485 379 1
486 379 -1
485 380 0
486 380 1
487 380 -1
486 381 0
487 381 1
488 381 -1
487 382 0
488 382 1
489 382 -1
488 383 0
489 383 1
490 383 -1
489 384 0 .
491 384 1
492 384 -1
491 385 0
492 385 1
493 385 -1
492 386 0
493 386 1
494 386 -1
493 387 0
494 387 1
495 387 -1
494 388 0
495 388 1
496 388 -1 \\// 
127 389 2
127 389 6
127 389 10
174 389 3
174 389 7
174 389 11
175 389 13
220 389 14
269 389 4
269 389 8
269 389 12
284 389 1
284 389 5
284 389 9
400 389 2
400 389 6
400 389 10
448 389 3
448 389 7
448 389 11
496 389 13
497 389 14
