128
2.5
4.5
6.5
8.5
10.5
12.5
14.5
16.5
18.375
19.375
20.375
21.375
22.375
23.375
24.375
25.375
25.875
26.375
26.875
27.375
27.875
28.375
28.875
29.375
29.625
29.875
30.125
30.375
30.625
30.875
31.125
31.375
31.625
31.875
32.125
32.375
32.625
32.875
33.125
33.625
33.8125
34
34.1875
34.375
34.625
34.8125
35
35.1875
35.375
35.5
35.625
35.8125
36
36.1875
36.375
36.625
36.8125
37
37.1875
37.375
37.5
37.625
37.8125
38
38.1875
38.375
38.625
38.8125
39
39.1875
39.375
39.5
39.625
39.8125
40
40.1875
40.375
40.625
40.8125
41
41.1875
41.375
41.625
41.8125
42
42.1875
42.375
42.625
42.8125
43
43.1875
43.375
43.5
43.625
43.8125
44
44.1875
44.375
44.625
44.8125
45
45.1875
45.375
45.5
45.625
45.8125
46
46.1875
46.375
46.625
46.8125
47
47.1875
47.375
47.5
47.625
47.8125
48
48.1875
48.375
48.625
48.8125
49
49.1875
49.375
49.5
49.625
49.625
