256
0 0 0
1 0 1
2 0 -1
2 1 0
3 1 1
4 1 -1
4 2 0
5 2 1
6 2 -1
6 3 0
7 3 1
8 3 -1
8 4 0
9 4 1
10 4 -1
10 5 0
11 5 1
12 5 -1
12 6 0
13 6 1
14 6 -1
14 7 0
15 7 1
16 7 -1
16 8 0
19 8 1
21 8 -1
20 9 0
23 9 1
25 9 -1
24 10 0
27 10 1
29 10 -1
28 11 0
31 11 1
33 11 -1
32 12 0
35 12 1
37 12 -1
36 13 0
39 13 1
41 13 -1
40 14 0
43 14 1
45 14 -1
44 15 0
47 15 1
49 15 -1
48 16 0
49 16 1
52 16 -1
50 17 0
51 17 1
54 17 -1
52 18 0
53 18 1
56 18 -1
54 19 0
55 19 1
58 19 -1
56 20 0
57 20 1
60 20 -1
58 21 0
59 21 1
62 21 -1
60 22 0
61 22 1
64 22 -1
62 23 0
63 23 1
66 23 -1
64 24 0
65 24 1
68 24 -1
65 25 0
66 25 1
69 25 -1
66 26 0
67 26 1
70 26 -1
67 27 0
68 27 1
71 27 -1
68 28 0
69 28 1
72 28 -1
69 29 0
70 29 1
73 29 -1
70 30 0
71 30 1
75 30 -1 
71 31 0
72 31 1
75 31 -1
72 32 0
73 32 1
76 32 -1
73 33 0
74 33 1
77 33 -1
74 34 0
75 34 1
78 34 -1
75 35 0
76 35 1
79 35 -1
76 36 0
77 36 1
80 36 -1
77 37 0
78 37 1
81 37 -1
78 38 0 //
79 38 1
80 38 -1
78 39 0 
80 39 1
81 39 -1
78 40 0 
81 40 1
83 40 -1
78 41 0 
82 41 1
85 41 -1
78 42 0
83 42 1
84 42 -1
83 43 0 .
85 43 1
86 43 -1
83 44 0
86 44 1
87 44 -1
83 45 0
87 45 1
88 45 -1
83 46 0
88 46 1
89 46 -1
83 47 0
89 47 1
90 47 -1
83 48 0
90 48 1
91 48 -1
89 49 0 //
91 49 1
92 49 -1
89 50 0
92 50 1
93 50 -1
89 51 0
93 51 1
94 51 -1
89 52 0
94 52 1
95 52 -1
89 53 0
95 53 1
96 53 -1
95 54 0 .
97 54 1
98 54 -1
95 55 0
98 55 1
99 55 -1
95 56 0
99 56 1
100 56 -1
95 57 0
100 57 1
101 57 -1
95 58 0
101 58 1
102 58 -1
95 59 0
102 59 1
103 59 -1
101 60 0 //
103 60 1
104 60 -1
101 61 0
104 61 1
105 61 -1
101 62 0
105 62 1
106 62 -1
101 63 0
106 63 1
107 63 -1
101 64 0
107 64 1
108 64 -1
107 65 0 .
109 65 1
110 65 -1
107 66 0
110 66 1
111 66 -1
107 67 0
111 67 1
112 67 -1
107 68 0
112 68 1
113 68 -1
107 69 0
113 69 1
114 69 -1
107 70 0
114 70 1
115 70 -1
113 71 0 //
115 71 1
116 71 -1
113 72 0
116 72 1
117 72 -1
113 73 0
117 73 1
118 73 -1
113 74 0
118 74 1
119 74 -1
113 75 0
119 75 1
120 75 -1
119 76 0 .
121 76 1
122 76 -1
119 77 0
122 77 1
123 77 -1
119 78 0
123 78 1
124 78 -1
119 79 0
124 79 1
125 79 -1
119 80 0
125 80 1
126 80 -1
125 81 0 //
127 81 1
127 81 -1
16 7 -1
16 7 -1
16 7 -1
16 7 -1
16 7 -1
16 7 -1
16 7 -1
16 7 -1
16 7 -1
16 7 -1
